	category
4360	4
7423	8
6145	7
3057	3
2904	3
8681	9
4394	4
5248	5
5865	7
6302	7
364	0
2184	2
7592	8
6292	7
444	0
5150	5
1802	2
5798	6
3556	4
2378	2
6660	7
1167	1
2393	2
5145	5
2269	2
1833	2
8164	9
1295	1
28	0
6091	7
6462	7
4540	5
8709	9
7017	8
2235	2
526	0
4497	5
587	0
4925	5
2073	2
8710	9
3703	4
3708	4
6809	8
1556	2
2807	3
6680	7
8471	9
8092	9
7806	9
5588	6
1749	2
4598	5
4074	4
5124	5
4685	5
5760	6
1258	1
6197	7
4288	4
8159	9
2966	3
4748	5
8182	9
1651	2
6278	7
1425	1
6185	7
4725	5
880	0
5162	5
3089	3
4662	5
8210	9
6128	7
5712	6
1112	1
7240	8
6808	8
7274	8
2537	3
1527	2
6155	7
1621	2
2788	3
3573	4
983	0
7990	9
4907	5
1066	1
255	0
7210	8
672	0
4437	5
4979	5
3785	4
8463	9
2078	2
7263	8
6898	8
1470	2
2425	2
1913	2
1870	2
1370	1
3408	3
1250	1
3441	4
5290	5
3134	3
8235	9
3318	3
5486	6
7364	8
4130	4
1707	2
4644	5
2406	2
7120	8
2702	3
376	0
3209	3
8011	9
4648	5
6167	7
3659	4
7278	8
85	0
1239	1
1729	2
2862	3
2636	3
1180	1
2255	2
4174	4
3128	3
7211	8
4727	5
4967	5
5891	7
3168	3
8559	9
1252	1
1670	2
1920	2
3174	3
8500	9
2641	3
7042	8
2615	3
1077	1
7797	9
7718	8
5421	5
7329	8
7107	8
663	0
3016	3
7358	8
2961	3
4268	4
9	0
3198	3
538	0
4230	4
2697	3
2567	3
3145	3
7972	9
6592	7
1654	2
3156	3
1641	2
2441	3
2334	2
8337	9
6241	7
6902	8
1482	2
6087	7
2581	3
4140	4
6421	7
993	0
7733	9
3627	4
8140	9
2650	3
4895	5
2993	3
5915	7
2335	2
2140	2
5681	6
2007	2
2831	3
8429	9
5932	7
1586	2
38	0
2469	3
3754	4
698	0
5269	5
708	0
5673	6
6716	7
8271	9
5605	6
8347	9
6481	7
3457	4
8228	9
5178	5
2040	2
2561	3
1748	2
2730	3
4752	5
3806	4
825	0
6822	8
5589	6
42	0
4567	5
3282	3
7825	9
4694	5
7947	9
506	0
5362	5
5803	7
5395	5
4157	4
8133	9
4395	4
5716	6
1685	2
1305	1
6791	7
7896	9
7448	8
5204	5
5820	7
2892	3
2100	2
3462	4
6226	7
3711	4
3574	4
5842	7
2191	2
5256	5
1462	2
4356	4
1686	2
2436	3
1044	1
3194	3
3335	3
6975	8
4231	4
7412	8
1883	2
4027	4
1353	1
3934	4
6228	7
5451	6
3643	4
4352	4
3576	4
4642	5
4187	4
4625	5
2560	3
5337	5
3775	4
995	0
508	0
67	0
3304	3
2962	3
3869	4
2801	3
8433	9
16	0
6223	7
167	0
6920	8
7581	8
8511	9
451	0
8657	9
8619	9
8084	9
5526	6
1529	2
8062	9
574	0
4689	5
8431	9
4059	4
1391	1
549	0
4283	4
7104	8
4998	5
3614	4
6915	8
6952	8
8375	9
5255	5
4779	5
925	0
3369	3
7857	9
4446	5
1171	1
1466	2
1620	2
7605	8
753	0
1515	2
1278	1
1076	1
1580	2
3878	4
4067	4
2358	2
6323	7
329	0
3411	3
332	0
4674	5
923	0
8465	9
2965	3
8557	9
5416	5
6737	7
5900	7
6899	8
548	0
5941	7
6926	8
4654	5
2672	3
2710	3
100	0
8720	9
5273	5
7713	8
6237	7
4650	5
7181	8
3908	4
6012	7
345	0
7894	9
4280	4
5821	7
7971	9
1988	2
1371	1
6919	8
525	0
7457	8
2454	3
1510	2
5958	7
2683	3
2318	2
3855	4
8021	9
8074	9
4088	4
2798	3
6594	7
2346	2
7109	8
5209	5
77	0
1471	2
1553	2
7336	8
7465	8
6625	7
6607	7
2795	3
1849	2
2718	3
2899	3
2803	3
4573	5
1738	2
4740	5
3547	4
768	0
4302	4
756	0
291	0
5703	6
1117	1
5470	6
1222	1
8212	9
873	0
8706	9
8204	9
3034	3
1592	2
8330	9
6850	8
242	0
3154	3
4628	5
5443	6
126	0
1360	1
4319	4
7383	8
3249	3
7215	8
4898	5
8079	9
1891	2
7519	8
7161	8
7790	9
790	0
8024	9
6713	7
2362	2
112	0
7983	9
6538	7
82	0
653	0
5336	5
3144	3
2940	3
8244	9
4831	5
2526	3
857	0
6914	8
4062	4
7995	9
1088	1
6986	8
2462	3
1198	1
621	0
1822	2
1780	2
2157	2
5593	6
3489	4
6169	7
4462	5
7148	8
3958	4
2239	2
5094	5
3086	3
437	0
945	0
2657	3
5530	6
3907	4
54	0
2033	2
3629	4
3648	4
782	0
2415	2
5027	5
5591	6
6857	8
8178	9
2238	2
7180	8
1016	1
6630	7
4004	4
6782	7
5412	5
6664	7
8377	9
3395	3
5335	5
3925	4
2339	2
3851	4
5474	6
2282	2
6442	7
3272	3
5188	5
4312	4
7031	8
8365	9
6396	7
2431	3
3720	4
2143	2
5029	5
539	0
6894	8
5503	6
8522	9
3922	4
3428	3
244	0
6188	7
5902	7
615	0
1811	2
3747	4
4348	4
6840	8
5849	7
3023	3
4456	5
5475	6
1487	2
1396	1
6399	7
8059	9
2453	3
490	0
6588	7
4896	5
6712	7
6465	7
3518	4
5738	6
4702	5
6679	7
594	0
4754	5
2644	3
1530	2
2609	3
2275	2
1911	2
5116	5
3807	4
2890	3
3534	4
1847	2
1647	2
276	0
6389	7
6051	7
2707	3
2880	3
7661	8
7981	9
7248	8
5756	6
3956	4
3893	4
7268	8
6702	7
293	0
1964	2
369	0
6637	7
3203	3
7346	8
7556	8
2655	3
1701	2
1914	2
466	0
2430	3
232	0
6231	7
2403	2
2922	3
37	0
4129	4
4729	5
4602	5
1659	2
1889	2
2758	3
101	0
2926	3
8150	9
6321	7
5789	6
2488	3
4213	4
957	0
8495	9
7949	9
5622	6
7924	9
7867	9
212	0
5577	6
3055	3
8383	9
1817	2
5948	7
6931	8
5667	6
7404	8
3044	3
7765	9
5469	6
5707	6
271	0
4192	4
1720	2
5929	7
2013	2
215	0
6537	7
7696	8
1404	1
1241	1
14	0
6467	7
3602	4
8227	9
1539	2
2777	3
7386	8
5556	6
7773	9
7417	8
2960	3
1534	2
8594	9
5741	6
3306	3
3867	4
7414	8
8245	9
3942	4
6158	7
6945	8
1085	1
119	0
4891	5
7740	9
3219	3
6754	7
6589	7
8575	9
5220	5
3854	4
8026	9
796	0
1385	1
3506	4
5322	5
5452	6
2688	3
3043	3
3178	3
749	0
1887	2
8176	9
4384	4
111	0
4906	5
2612	3
1401	1
939	0
2763	3
4241	4
2889	3
7966	9
3275	3
3215	3
4382	4
6763	7
360	0
5341	5
1354	1
2796	3
2888	3
267	0
5542	6
6542	7
1559	2
879	0
8321	9
3419	3
236	0
3028	3
8665	9
3592	4
8361	9
7056	8
5889	7
6528	7
1336	1
7379	8
177	0
8454	9
5910	7
7307	8
2570	3
2949	3
3802	4
4415	4
3559	4
5287	5
4134	4
4482	5
8055	9
1860	2
927	0
5727	6
6688	7
5371	5
5801	6
7542	8
8249	9
296	0
3613	4
3392	3
5774	6
6725	7
3253	3
7361	8
6733	7
3298	3
7152	8
4031	4
6119	7
3511	4
870	0
1484	2
835	0
4328	4
90	0
96	0
4336	4
2508	3
4591	5
6046	7
3393	3
6373	7
7052	8
3983	4
6053	7
6001	7
133	0
5465	6
3575	4
913	0
6606	7
5628	6
2574	3
5614	6
501	0
1328	1
786	0
4471	5
7815	9
8572	9
5118	5
3048	3
6502	7
4872	5
1552	2
4368	4
6196	7
6874	8
6961	8
7339	8
8664	9
2006	2
4600	5
7012	8
4235	4
6605	7
1696	2
1285	1
2147	2
3063	3
1347	1
8318	9
7703	8
8359	9
3931	4
1435	2
6280	7
819	0
8142	9
7665	8
3717	4
4578	5
4270	4
2659	3
5121	5
6489	7
8099	9
7064	8
184	0
1603	2
7125	8
3302	3
6655	7
6434	7
2591	3
2476	3
3973	4
7259	8
1517	2
685	0
7980	9
6367	7
5684	6
4136	4
2292	2
5517	6
1197	1
1120	1
1786	2
8504	9
3801	4
7449	8
2604	3
5848	7
5153	5
3524	4
2206	2
2511	3
5062	5
3210	3
5819	7
3349	3
7682	8
1850	2
1317	1
5512	6
3358	3
5651	6
373	0
1745	2
6813	8
7055	8
4687	5
4558	5
6059	7
1513	2
5513	6
4529	5
5356	5
1494	2
911	0
3784	4
7650	8
2023	2
2376	2
1995	2
4921	5
2518	3
6401	7
681	0
4153	4
6327	7
2262	2
5671	6
2805	3
4340	4
2471	3
6234	7
1394	1
3996	4
2956	3
2081	2
5498	6
1091	1
400	0
1074	1
92	0
8483	9
6596	7
2103	2
5197	5
4963	5
675	0
8700	9
3783	4
8601	9
667	0
5683	6
8683	9
3201	3
7360	8
1408	1
7006	8
5983	7
7553	8
203	0
1573	2
2021	2
8091	9
1718	2
4114	4
2701	3
1897	2
4063	4
1862	2
3849	4
3400	3
8514	9
1208	1
6346	7
4633	5
1374	1
7976	9
3533	4
4381	4
5816	7
5919	7
8126	9
6073	7
4524	5
3837	4
3101	3
6409	7
7257	8
4291	4
6002	7
6215	7
5101	5
7666	8
2669	3
4374	4
5853	7
2884	3
6125	7
1699	2
1966	2
1156	1
2548	3
567	0
6786	7
1286	1
1801	2
8316	9
6379	7
4338	4
6492	7
6482	7
7938	9
4934	5
2716	3
3401	3
7239	8
7433	8
7079	8
5829	7
6611	7
2025	2
5596	6
405	0
7877	9
4292	4
674	0
6005	7
5931	7
8172	9
550	0
5705	6
3652	4
7778	9
4438	5
190	0
5196	5
1878	2
4273	4
904	0
3376	3
3192	3
8730	9
1178	1
7987	9
1997	2
1782	2
7313	8
5137	5
4961	5
5061	5
5343	5
7103	8
6759	7
2109	2
4646	5
8063	9
2674	3
3416	3
66	0
1604	2
8579	9
3730	4
6420	7
8041	9
5942	7
4444	5
696	0
7013	8
5692	6
3528	4
7060	8
6236	7
5999	7
8189	9
4466	5
5374	5
7807	9
1182	1
6947	8
528	0
6657	7
354	0
6337	7
8381	9
4080	4
8196	9
8380	9
5338	5
2984	3
2712	3
4686	5
1073	1
7907	9
4589	5
2793	3
6422	7
2979	3
1626	2
5242	5
6627	7
3988	4
5401	5
5720	6
1310	1
6025	7
949	0
614	0
5317	5
7384	8
4176	4
176	0
4623	5
2969	3
5192	5
4848	5
6444	7
1848	2
1243	1
7824	9
6089	7
4945	5
6892	8
2721	3
3284	3
5610	6
1122	1
23	0
8192	9
6766	7
7176	8
6885	8
1682	2
1231	1
2911	3
3872	4
2480	3
877	0
5665	6
2844	3
858	0
5357	5
2670	3
2086	2
8308	9
2633	3
969	0
7585	8
2457	3
2049	2
7462	8
8539	9
6290	7
6135	7
1610	2
4257	4
2814	3
1536	2
6307	7
4976	5
1668	2
2816	3
8426	9
2770	3
2504	3
750	0
8570	9
1558	2
3257	3
8611	9
8008	9
3458	4
5672	6
7198	8
3289	3
1027	1
2601	3
7155	8
7420	8
3307	3
4928	5
4555	5
5880	7
8698	9
2132	2
2	0
4639	5
713	0
7333	8
7018	8
4042	4
8334	9
1348	1
2045	2
2095	2
2435	3
4219	4
1421	1
4802	5
1744	2
8573	9
577	0
1961	2
5222	5
8221	9
5448	6
6288	7
5031	5
418	0
6273	7
7431	8
3350	3
2394	2
3337	3
5388	5
5544	6
7164	8
6953	8
5264	5
5487	6
1681	2
2996	3
3873	4
865	0
960	0
2692	3
6122	7
2496	3
7452	8
2384	2
6971	8
6632	7
5918	7
6416	7
3009	3
8266	9
5635	6
3410	3
8479	9
8405	9
7233	8
2472	3
6698	7
5860	7
1828	2
2298	2
3117	3
2253	2
5580	6
1438	2
1152	1
6970	8
7265	8
6852	8
2941	3
2829	3
765	0
4587	5
1661	2
2120	2
2158	2
5240	5
4108	4
7725	8
61	0
7445	8
3398	3
7903	9
1929	2
3129	3
2221	2
5989	7
4053	4
1474	2
7738	9
6092	7
6581	7
3297	3
1307	1
6240	7
4225	4
3007	3
7746	9
6790	7
1106	1
8213	9
2455	3
2213	2
3566	4
4570	5
655	0
3484	4
2361	2
108	0
7057	8
2528	3
5364	5
3515	4
6394	7
3039	3
3836	4
2190	2
5349	5
3326	3
5168	5
6355	7
7761	9
2252	2
1275	1
8650	9
7860	9
8423	9
6201	7
5775	6
2970	3
4776	5
7826	9
7105	8
3010	3
2402	2
3599	4
2288	2
7299	8
4287	4
7184	8
298	0
2144	2
7821	9
8028	9
6924	8
998	0
8643	9
7728	8
10	0
6881	8
1270	1
3654	4
1299	1
7667	8
2183	2
4581	5
6506	7
754	0
7083	8
1521	2
2015	2
2296	2
7191	8
3662	4
1009	1
5955	7
1341	1
2886	3
7207	8
461	0
7294	8
456	0
6708	7
5653	6
8288	9
4367	4
3300	3
1410	1
7208	8
8145	9
1472	2
1477	2
1787	2
7460	8
8065	9
5633	6
2001	2
280	0
5638	6
4596	5
1815	2
8628	9
60	0
748	0
136	0
1992	2
3085	3
8368	9
6494	7
70	0
8069	9
6873	8
700	0
6295	7
657	0
552	0
462	0
8203	9
1726	2
6569	7
3714	4
1199	1
4448	5
6312	7
4211	4
951	0
4561	5
6913	8
2754	3
1131	1
4218	4
7269	8
2390	2
7330	8
2841	3
4559	5
7309	8
1008	1
2852	3
8670	9
4327	4
1090	1
4655	5
2629	3
3758	4
4502	5
5723	6
5898	7
3839	4
5627	6
6208	7
7739	9
4894	5
8379	9
676	0
6390	7
3598	4
1676	2
622	0
1684	2
2037	2
6685	7
3494	4
3315	3
2443	3
8679	9
5841	7
6235	7
5912	7
972	0
1022	1
5567	6
1916	2
6722	7
6797	7
2865	3
7839	9
5886	7
2258	2
4069	4
284	0
6386	7
3895	4
4997	5
852	0
7833	9
6075	7
2166	2
6876	8
2482	3
671	0
3280	3
7716	8
2450	3
1265	1
7473	8
1943	2
886	0
7784	9
5467	6
8106	9
4104	4
5214	5
6330	7
2171	2
4223	4
5332	5
7144	8
4516	5
1593	2
4316	4
4145	4
4248	4
1405	1
131	0
735	0
2245	2
6130	7
5505	6
3946	4
7227	8
4363	4
709	0
8718	9
6173	7
309	0
31	0
8233	9
8076	9
1919	2
8260	9
7636	8
6549	7
225	0
7252	8
5369	5
3438	4
4562	5
3417	3
893	0
8503	9
6141	7
7228	8
3222	3
3115	3
2608	3
5688	6
1945	2
6398	7
558	0
3235	3
6468	7
6088	7
6723	7
5271	5
5998	7
1440	2
4757	5
381	0
7229	8
223	0
2635	3
6520	7
2742	3
2372	2
3107	3
7188	8
7009	8
8450	9
8313	9
8078	9
6342	7
5085	5
1909	2
7363	8
636	0
2910	3
8000	9
3221	3
3939	4
1710	2
2605	3
3564	4
5850	7
3073	3
1928	2
1956	2
5764	6
5689	6
1134	1
8538	9
5630	6
3809	4
6247	7
1865	2
5445	6
1138	1
5807	7
73	0
2713	3
5642	6
5138	5
5333	5
7129	8
234	0
1804	2
2491	3
5379	5
188	0
2532	3
2307	2
7596	8
693	0
5092	5
7205	8
7115	8
4032	4
295	0
6473	7
6463	7
2704	3
1624	2
3142	3
6137	7
3180	3
8497	9
2016	2
3729	4
4204	4
2736	3
2038	2
7830	9
6640	7
4143	4
6993	8
5582	6
1970	2
240	0
6049	7
2773	3
4433	5
4765	5
1000	1
8562	9
677	0
2959	3
4807	5
5573	6
4202	4
4670	5
5548	6
7711	8
5745	6
4195	4
6886	8
1407	1
8283	9
7515	8
8052	9
3954	4
1614	2
6675	7
170	0
1253	1
704	0
7392	8
5207	5
1980	2
6929	8
2827	3
6439	7
2370	2
2626	3
8631	9
2452	3
81	0
7140	8
5804	7
7357	8
6647	7
2651	3
1004	1
1018	1
4454	5
510	0
1734	2
8297	9
6269	7
5838	7
5726	6
2787	3
3045	3
4720	5
5908	7
5327	5
7771	9
4753	5
6570	7
4458	5
5699	6
6557	7
3604	4
1223	1
6360	7
1582	2
6946	8
5387	5
1844	2
3404	3
1827	2
7165	8
6815	8
7793	9
1028	1
4621	5
771	0
4672	5
1081	1
8349	9
7779	9
1458	2
3668	4
7837	9
4361	4
4844	5
420	0
3324	3
5103	5
1837	2
6666	7
2861	3
2860	3
1191	1
903	0
4543	5
8153	9
582	0
6586	7
2263	2
8298	9
3759	4
5232	5
7149	8
8357	9
2368	2
7250	8
3620	4
6561	7
3193	3
4745	5
7931	9
3415	3
6972	8
690	0
6131	7
3664	4
1238	1
6546	7
1524	2
3727	4
2943	3
2082	2
4527	5
3612	4
8480	9
4641	5
7374	8
4734	5
7912	9
4840	5
6591	7
6742	7
7531	8
4200	4
3396	3
1971	2
1810	2
7474	8
1892	2
2614	3
8019	9
1075	1
123	0
842	0
3578	4
3844	4
2813	3
1778	2
5195	5
7632	8
22	0
6029	7
8231	9
8541	9
4515	5
1432	2
5928	7
4414	4
4536	5
4762	5
1516	2
1590	2
8309	9
2177	2
881	0
837	0
5235	5
6069	7
29	0
5409	5
4712	5
4009	4
1861	2
1339	1
7684	8
5043	5
5500	6
2484	3
1212	1
5603	6
5090	5
4029	4
5961	7
4491	5
7378	8
4905	5
6445	7
7736	9
7044	8
7475	8
5221	5
6179	7
5911	7
3987	4
4389	4
988	0
8613	9
4261	4
169	0
1478	2
143	0
8215	9
507	0
536	0
1303	1
5609	6
5466	6
1508	2
3864	4
7341	8
5847	7
3188	3
6414	7
7624	8
5518	6
3609	4
2387	2
5640	6
4055	4
6758	7
5806	7
8638	9
4286	4
8305	9
6120	7
3788	4
5491	6
1087	1
1874	2
3695	4
5985	7
4416	4
783	0
7948	9
2774	3
5938	7
1905	2
4341	4
5074	5
390	0
6124	7
8205	9
7436	8
3697	4
7732	9
2434	3
7922	9
6138	7
2749	3
49	0
3281	3
2666	3
8376	9
3886	4
6807	8
5552	6
56	0
6705	7
3469	4
149	0
4000	4
3611	4
1389	1
7226	8
3495	4
1779	2
7073	8
7408	8
5922	7
2459	3
7446	8
1794	2
565	0
1519	2
8587	9
6523	7
3911	4
3583	4
3165	3
2804	3
4372	4
7913	9
2417	2
1378	1
2866	3
4451	5
2621	3
7158	8
130	0
1666	2
3082	3
512	0
6154	7
2341	2
128	0
1788	2
4653	5
2222	2
7376	8
8641	9
3756	4
4036	4
1181	1
6661	7
7986	9
492	0
1242	1
8632	9
629	0
2404	2
3301	3
4810	5
2167	2
4337	4
4010	4
5249	5
3644	4
4314	4
6906	8
1872	2
1220	1
5021	5
4989	5
6598	7
5597	6
140	0
6230	7
6922	8
3189	3
3923	4
2057	2
7705	8
1380	1
106	0
6595	7
3313	3
900	0
1290	1
1875	2
5595	6
2151	2
6435	7
4246	4
6262	7
620	0
8510	9
895	0
1591	2
5060	5
6843	8
4477	5
2671	3
2516	3
2761	3
5863	7
288	0
6300	7
7425	8
5036	5
3080	3
868	0
3792	4
8605	9
4986	5
5420	5
5149	5
6833	8
7382	8
4595	5
4911	5
8123	9
5432	6
7715	8
934	0
5109	5
2136	2
3488	4
8444	9
2870	3
2377	2
8629	9
6530	7
8369	9
660	0
7654	8
4946	5
5515	6
3112	3
3271	3
6084	7
1268	1
6200	7
8346	9
5871	7
1549	2
4915	5
6181	7
2202	2
929	0
1599	2
359	0
3889	4
968	0
3880	4
3228	3
6407	7
7823	9
115	0
3127	3
5473	6
8550	9
2817	3
7625	8
4272	4
595	0
2842	3
2756	3
6741	7
2071	2
5587	6
3440	4
5479	6
2331	2
6436	7
8096	9
6086	7
5690	6
2102	2
5629	6
518	0
6515	7
7533	8
3752	4
7479	8
8440	9
6286	7
4586	5
7124	8
8194	9
2026	2
7301	8
256	0
3947	4
1789	2
12	0
6147	7
2625	3
1568	2
1596	2
8287	9
7222	8
7950	9
869	0
2906	3
1777	2
8105	9
2186	2
3113	3
3642	4
824	0
5761	6
4513	5
2125	2
3162	3
8186	9
7813	9
8441	9
3500	4
5927	7
2916	3
6471	7
770	0
5143	5
5305	5
471	0
7111	8
839	0
2617	3
7427	8
7123	8
5015	5
814	0
2806	3
5755	6
4180	4
1625	2
3834	4
8536	9
502	0
7647	8
7518	8
8127	9
4939	5
2515	3
6558	7
2314	2
173	0
4478	5
941	0
2682	3
8546	9
3081	3
3513	4
6496	7
2351	2
7193	8
3520	4
383	0
5117	5
4900	5
7843	9
6587	7
5851	7
8493	9
6477	7
3656	4
192	0
3132	3
6977	8
2173	2
3736	4
7524	8
4676	5
1864	2
3390	3
5489	6
7312	8
3090	3
142	0
5511	6
8343	9
479	0
3951	4
4350	4
5268	5
7917	9
146	0
8694	9
4782	5
8384	9
7608	8
2294	2
1843	2
4158	4
4435	5
3119	3
72	0
7442	8
2611	3
6368	7
3292	3
6851	8
3402	3
1149	1
341	0
6023	7
8255	9
6129	7
3138	3
1791	2
6816	8
2044	2
8156	9
8306	9
4736	5
7459	8
5093	5
7521	8
4400	4
8396	9
7086	8
3447	4
1657	2
5921	7
7955	9
2799	3
4805	5
1362	1
109	0
1142	1
4706	5
1083	1
912	0
424	0
3773	4
7021	8
3637	4
5808	7
6505	7
6817	8
5461	6
3256	3
581	0
6293	7
2744	3
991	0
930	0
7305	8
7396	8
4359	4
371	0
4066	4
121	0
2506	3
5647	6
2306	2
2466	3
1942	2
4585	5
3670	4
3746	4
1032	1
1014	1
5979	7
5701	6
5120	5
3146	3
1137	1
6326	7
1103	1
6510	7
4183	4
8263	9
7082	8
2914	3
3147	3
5856	7
5384	5
996	0
3948	4
4061	4
3992	4
916	0
2141	2
3124	3
1429	2
151	0
2576	3
7061	8
4564	5
387	0
8312	9
4177	4
155	0
6772	7
5501	6
4096	4
8420	9
2811	3
1346	1
5528	6
4574	5
2483	3
233	0
5729	6
3744	4
5520	6
5711	6
8367	9
3143	3
3749	4
5485	6
3423	3
7032	8
4794	5
8588	9
1747	2
5052	5
5478	6
2299	2
227	0
2684	3
8320	9
4212	4
3892	4
6272	7
6727	7
4853	5
3067	3
6271	7
3197	3
3915	4
6535	7
5810	7
4582	5
6191	7
134	0
7075	8
4047	4
604	0
55	0
2139	2
1256	1
3621	4
7597	8
4386	4
1880	2
5128	5
1836	2
8574	9
6335	7
569	0
1763	2
7616	8
2188	2
3681	4
5257	5
2569	3
915	0
8261	9
4758	5
2117	2
5427	5
417	0
3111	3
4984	5
2034	2
7754	9
4418	4
2311	2
8197	9
7526	8
204	0
917	0
7243	8
8291	9
784	0
6553	7
6	0
3236	3
6691	7
3074	3
6054	7
4950	5
6633	7
237	0
6706	7
6622	7
4504	5
3505	4
181	0
3636	4
7351	8
4184	4
8304	9
6438	7
3407	3
7762	9
5678	6
7401	8
5326	5
8068	9
3430	4
2731	3
1150	1
8322	9
7156	8
3685	4
2055	2
8400	9
3550	4
5455	6
8225	9
8157	9
3870	4
5411	5
4889	5
5372	5
7432	8
650	0
3585	4
3316	3
658	0
779	0
230	0
8030	9
5125	5
6428	7
385	0
3435	4
2485	3
344	0
2519	3
7863	9
4483	5
7888	9
6656	7
6255	7
5877	7
2602	3
322	0
1325	1
3797	4
8490	9
2907	3
7168	8
4936	5
2004	2
6802	7
6429	7
3883	4
8075	9
1506	2
2698	3
3914	4
6943	8
6400	7
1663	2
5339	5
5971	7
7914	9
6112	7
572	0
2876	3
4728	5
4743	5
208	0
2619	3
4332	4
2594	3
7906	9
4229	4
3542	4
4703	5
5482	6
5869	7
93	0
3840	4
5529	6
4539	5
1118	1
963	0
4132	4
6349	7
2200	2
4812	5
8056	9
4393	4
7572	8
4918	5
5742	6
1368	1
6113	7
5934	7
4154	4
2985	3
339	0
4279	4
4064	4
4606	5
292	0
6907	8
6959	8
8399	9
3331	3
3969	4
1622	2
3149	3
4550	5
5040	5
4078	4
5241	5
627	0
4649	5
3856	4
8688	9
5386	5
7530	8
2092	2
2717	3
3674	4
5353	5
2172	2
4369	4
5320	5
4396	4
2715	3
1567	2
5231	5
2193	2
160	0
4181	4
441	0
937	0
3058	3
4146	4
6251	7
940	0
3571	4
2054	2
989	0
2449	3
6170	7
3865	4
7476	8
4501	5
6812	8
8017	9
2665	3
1497	2
6105	7
2068	2
2249	2
3466	4
5706	6
1551	2
1099	1
5981	7
342	0
6028	7
4058	4
4742	5
447	0
6912	8
5279	5
5066	5
8324	9
1262	1
6673	7
2440	3
7669	8
3909	4
3464	4
6033	7
5944	7
3126	3
3226	3
4883	5
2030	2
3485	4
1645	2
1557	2
3816	4
6890	8
5129	5
624	0
5429	6
4751	5
7393	8
5444	6
1642	2
6895	8
30	0
1602	2
4978	5
6872	8
7347	8
3077	3
8262	9
1566	2
4597	5
3251	3
576	0
2934	3
8382	9
6795	7
5402	5
464	0
5757	6
5347	5
5079	5
5852	7
7510	8
6202	7
7564	8
4295	4
4290	4
4057	4
6771	7
7548	8
6841	8
1643	2
3705	4
384	0
2877	3
1282	1
6503	7
6534	7
4427	4
1618	2
3482	4
4305	4
1092	1
6951	8
1563	2
308	0
7953	9
600	0
1084	1
3739	4
3450	4
871	0
6541	7
3935	4
159	0
8478	9
2396	2
7832	9
999	0
5536	6
1144	1
7941	9
1331	1
793	0
6364	7
1724	2
5540	6
4419	4
5032	5
5903	7
6514	7
2933	3
139	0
187	0
8064	9
8393	9
8458	9
3483	4
7978	9
6077	7
6430	7
7143	8
5219	5
8333	9
6018	7
5259	5
5165	5
4890	5
4663	5
5283	5
4526	5
5800	6
83	0
6554	7
7402	8
1267	1
3102	3
5561	6
157	0
7731	8
4791	5
2534	3
2058	2
3351	3
6646	7
7862	9
2072	2
1882	2
2437	3
656	0
5329	5
4730	5
907	0
5006	5
4987	5
6653	7
3616	4
6566	7
774	0
7389	8
1209	1
7532	8
509	0
185	0
562	0
6213	7
2244	2
5652	6
3366	3
7915	9
5234	5
5342	5
2308	2
5008	5
6457	7
6806	8
8351	9
3472	4
3056	3
8633	9
1424	1
3037	3
3586	4
5682	6
8356	9
4493	5
4750	5
1859	2
7702	8
4377	4
4739	5
1835	2
1974	2
8152	9
8025	9
3800	4
7785	9
3577	4
7258	8
3540	4
5645	6
962	0
3362	3
8241	9
2155	2
1746	2
1816	2
6844	8
5791	6
5119	5
5733	6
6258	7
4255	4
3100	3
5228	5
7663	8
7435	8
7734	9
4627	5
4500	5
3503	4
5011	5
7668	8
4210	4
3601	4
861	0
278	0
5831	7
4927	5
683	0
8494	9
1537	2
6990	8
5046	5
1595	2
6474	7
6750	7
2201	2
7579	8
1254	1
3710	4
5059	5
1990	2
931	0
8049	9
6357	7
5740	6
7398	8
6662	7
5770	6
1743	2
3902	4
4436	5
4017	4
2727	3
1093	1
2014	2
1584	2
5213	5
7854	9
3590	4
2522	3
7128	8
7337	8
2029	2
994	0
6967	8
2087	2
8401	9
6760	7
4770	5
6582	7
7757	9
6618	7
3588	4
3563	4
4420	4
7246	8
7221	8
2135	2
3159	3
1179	1
1493	2
7658	8
5293	5
8661	9
1468	2
7642	8
1102	1
7659	8
1799	2
4432	5
8151	9
7486	8
6536	7
2853	3
2768	3
4944	5
2148	2
7974	9
5216	5
8112	9
1627	2
592	0
1969	2
3615	4
8144	9
3173	3
4124	4
1930	2
2843	3
8673	9
596	0
5442	6
7745	9
287	0
1876	2
5278	5
4955	5
6013	7
584	0
6551	7
7275	8
4102	4
7752	9
3157	3
7297	8
7717	8
6837	8
8592	9
5331	5
5604	6
982	0
2446	3
8039	9
270	0
560	0
2802	3
5360	5
7818	9
8047	9
6063	7
6410	7
1705	2
253	0
1297	1
469	0
4076	4
7280	8
6408	7
1330	1
3445	4
1490	2
3096	3
3031	3
4243	4
127	0
2024	2
8040	9
1019	1
1607	2
6508	7
235	0
5784	6
7723	8
3223	3
3757	4
7874	9
3544	4
8525	9
1785	2
5051	5
8622	9
5104	5
7047	8
936	0
908	0
8057	9
1249	1
4833	5
7077	8
6032	7
5323	5
1511	2
6365	7
63	0
4857	5
6148	7
1697	2
6491	7
1251	1
5516	6
5390	5
6043	7
5068	5
6700	7
4412	4
3894	4
4001	4
1240	1
7967	9
7387	8
7487	8
5559	6
3247	3
6233	7
7169	8
2986	3
8207	9
7264	8
1768	2
1313	1
1867	2
668	0
3619	4
4780	5
6642	7
8403	9
5899	7
3069	3
7005	8
5980	7
1320	1
8214	9
4091	4
7831	9
1948	2
1338	1
4320	4
6449	7
8168	9
5163	5
4631	5
3087	3
4113	4
932	0
5685	6
6928	8
7318	8
6736	7
815	0
4535	5
6447	7
5976	7
3562	4
751	0
3943	4
1400	1
4131	4
5397	5
4357	4
1048	1
8238	9
1164	1
4990	5
4037	4
7019	8
7876	9
3831	4
1723	2
661	0
3008	3
2268	2
533	0
3387	3
3842	4
8350	9
4408	4
586	0
4271	4
6960	8
7679	8
6695	7
4760	5
129	0
2579	3
2412	2
686	0
2783	3
6770	7
231	0
1619	2
1829	2
4347	4
7544	8
6612	7
6853	8
1259	1
1172	1
2365	2
2429	3
876	0
35	0
1162	1
3740	4
3713	4
8604	9
4993	5
5071	5
8332	9
3267	3
1192	1
2699	3
5185	5
5468	6
6905	8
2525	3
6516	7
1803	2
3373	3
7185	8
5524	6
7748	9
898	0
5901	7
224	0
4473	5
3866	4
555	0
8286	9
3452	4
3545	4
4025	4
3623	4
8544	9
6583	7
1104	1
649	0
7235	8
2760	3
4194	4
2895	3
7348	8
2854	3
4837	5
7302	8
4326	4
334	0
290	0
1819	2
3546	4
687	0
3487	4
3338	3
1704	2
2039	2
7438	8
3863	4
2079	2
7439	8
6641	7
729	0
6254	7
3906	4
1437	2
5991	7
1924	2
4507	5
7489	8
7225	8
3329	3
3242	3
6381	7
5836	7
422	0
4373	4
7454	8
1953	2
8066	9
8607	9
531	0
4455	5
2256	2
691	0
7540	8
5383	5
467	0
1294	1
1784	2
6248	7
1531	2
430	0
2075	2
2074	2
5615	6
7342	8
7	0
3639	4
7054	8
4938	5
8404	9
2257	2
8690	9
1594	2
6966	8
2048	2
5070	5
191	0
964	0
4908	5
6163	7
1055	1
1025	1
7204	8
1655	2
3412	3
591	0
6216	7
7088	8
3468	4
6983	8
2313	2
4439	5
1352	1
1314	1
7271	8
2592	3
1359	1
8033	9
8218	9
2315	2
822	0
4680	5
3995	4
5492	6
5545	6
1491	2
7355	8
4517	5
8257	9
3666	4
6820	8
1498	2
2998	3
8004	9
6385	7
312	0
863	0
4430	5
1168	1
1140	1
6100	7
7989	9
8671	9
5749	6
682	0
5950	7
3071	3
6095	7
8160	9
901	0
5048	5
3336	3
7505	8
7024	8
864	0
1774	2
4188	4
2032	2
5835	7
4603	5
4544	5
5282	5
1977	2
6485	7
21	0
4958	5
324	0
6882	8
4808	5
4362	4
2096	2
8678	9
2359	2
6289	7
8088	9
2974	3
3091	3
8387	9
3186	3
6404	7
2324	2
1834	2
7855	9
4079	4
2421	2
5680	6
5659	6
1443	2
1518	2
2059	2
1456	2
4724	5
2099	2
1067	1
4767	5
6650	7
2915	3
7722	8
542	0
4968	5
3011	3
343	0
2686	3
3821	4
4100	4
7369	8
429	0
5366	5
5686	6
5023	5
6446	7
7567	8
3397	3
439	0
7200	8
6663	7
8370	9
2010	2
5817	7
5314	5
1938	2
1950	2
435	0
8171	9
1052	1
2856	3
7620	8
5612	6
3721	4
665	0
6955	8
3523	4
4985	5
1245	1
0	0
8050	9
1766	2
8254	9
3551	4
5157	5
7334	8
7882	9
5623	6
7507	8
7555	8
6513	7
2297	2
3218	3
2772	3
5299	5
6030	7
1375	1
5796	6
6072	7
2600	3
8292	9
5537	6
8561	9
5166	5
2114	2
6495	7
5788	6
6973	8
5809	7
201	0
4926	5
4677	5
933	0
4046	4
570	0
4817	5
726	0
5456	6
40	0
1968	2
5782	6
1771	2
1538	2
3999	4
4795	5
4519	5
4365	4
5618	6
5115	5
3972	4
4289	4
4851	5
8134	9
7051	8
1291	1
7261	8
1762	2
4135	4
4903	5
1036	1
482	0
8410	9
272	0
7030	8
2821	3
3572	4
6259	7
3418	3
380	0
2893	3
5014	5
2765	3
1807	2
6415	7
3352	3
7171	8
4120	4
4492	5
7580	8
95	0
7332	8
1033	1
519	0
5258	5
6794	7
103	0
8175	9
6845	8
1135	1
363	0
952	0
1983	2
6862	8
2281	2
6639	7
3036	3
3020	3
1576	2
4668	5
7288	8
1031	1
3276	3
4228	4
3928	4
391	0
568	0
171	0
802	0
7591	8
8430	9
4185	4
7035	8
1509	2
2329	2
5446	6
6870	8
4008	4
252	0
8492	9
727	0
6522	7
1183	1
4528	5
1634	2
7041	8
7648	8
3461	4
282	0
2330	2
4622	5
4888	5
378	0
5550	6
5855	7
6483	7
2018	2
7066	8
3655	4
810	0
6954	8
2643	3
6455	7
947	0
7755	9
6518	7
2687	3
5307	5
4522	5
1501	2
247	0
7619	8
543	0
8517	9
3381	3
1708	2
2627	3
7751	9
6927	8
1060	1
1727	2
7036	8
7523	8
7081	8
7286	8
6287	7
4941	5
3268	3
1453	2
850	0
4847	5
1616	2
1287	1
1640	2
1318	1
8439	9
5768	6
6560	7
2264	2
8201	9
4821	5
5972	7
3109	3
1390	1
7504	8
19	0
5289	5
3699	4
8556	9
3463	4
2439	3
4075	4
6010	7
1017	1
7984	9
1013	1
4236	4
2012	2
8328	9
4011	4
2216	2
5783	6
6041	7
1520	2
7450	8
4829	5
6370	7
8558	9
8061	9
2555	3
8358	9
7973	9
5790	6
3255	3
2199	2
1912	2
8279	9
4264	4
4238	4
669	0
6316	7
2112	2
7004	8
5459	6
3061	3
5840	7
3701	4
6674	7
6603	7
8236	9
3406	3
1936	2
3332	3
1288	1
8132	9
7809	9
5935	7
5781	6
7660	8
6668	7
5767	6
156	0
6372	7
772	0
6383	7
3075	3
7135	8
8258	9
5658	6
8535	9
7878	9
7638	8
7536	8
2413	2
1130	1
470	0
2685	3
5905	7
7712	8
1116	1
7121	8
3962	4
1363	1
3238	3
1165	1
3667	4
8290	9
6521	7
7893	9
8669	9
7700	8
8146	9
1825	2
1758	2
7598	8
5184	5
1447	2
2321	2
7424	8
473	0
2863	3
6314	7
8427	9
7525	8
6004	7
5818	7
5151	5
8053	9
3843	4
3579	4
2210	2
6681	7
4584	5
3451	4
3403	3
5802	6
4977	5
664	0
1097	1
3658	4
8435	9
6456	7
807	0
3743	4
2442	3
5676	6
2723	3
6585	7
6058	7
4972	5
806	0
1750	2
4943	5
4867	5
6992	8
5644	6
2917	3
183	0
4592	5
3638	4
7157	8
7317	8
2303	2
1463	2
1879	2
6658	7
5418	5
3266	3
4726	5
8170	9
8537	9
5834	7
2575	3
2559	3
8602	9
7320	8
919	0
862	0
5381	5
7483	8
2478	3
5786	6
3645	4
7720	8
7091	8
2779	3
4756	5
3932	4
6366	7
1398	1
6686	7
6555	7
6629	7
2050	2
4860	5
7577	8
6431	7
7097	8
3838	4
1315	1
4082	4
116	0
8582	9
7829	9
5110	5
7419	8
4551	5
3827	4
1646	2
6478	7
3347	3
7575	8
1215	1
6884	8
4237	4
2254	2
4764	5
6693	7
4355	4
8327	9
4856	5
2951	3
1574	2
4424	4
370	0
3896	4
6930	8
8395	9
4296	4
1600	2
8585	9
6082	7
2261	2
6220	7
1379	1
1550	2
3153	3
4014	4
4472	5
4035	4
6780	7
3945	4
977	0
7480	8
5359	5
7112	8
4520	5
5993	7
3330	3
1406	1
5215	5
1935	2
6353	7
2944	3
4879	5
338	0
8409	9
1123	1
3976	4
7516	8
2637	3
8717	9
1540	2
860	0
4208	4
4658	5
7618	8
5385	5
1445	2
7847	9
1035	1
6263	7
8253	9
7464	8
457	0
608	0
7845	9
6755	7
4887	5
8639	9
7817	9
3263	3
7014	8
4073	4
5193	5
7065	8
2123	2
4537	5
3829	4
5447	6
795	0
2896	3
8398	9
3778	4
4612	5
8442	9
2514	3
4708	5
707	0
4397	4
1357	1
8486	9
5441	6
6985	8
8077	9
6267	7
5315	5
6846	8
6052	7
4169	4
480	0
2901	3
7822	9
3815	4
4026	4
7011	8
337	0
8623	9
725	0
3735	4
6628	7
2438	3
24	0
3363	3
8284	9
5350	5
1648	2
7889	9
4695	5
6021	7
4346	4
5812	7
7437	8
7940	9
6517	7
5539	6
6168	7
8415	9
3232	3
6969	8
2988	3
6270	7
5535	6
3507	4
625	0
3944	4
1951	2
6387	7
6982	8
3753	4
6065	7
3522	4
7834	9
2738	3
7710	8
4982	5
4698	5
967	0
6243	7
3793	4
6624	7
3042	3
4796	5
720	0
2734	3
27	0
4590	5
5805	7
7539	8
6064	7
6040	7
6384	7
3187	3
561	0
516	0
6035	7
7190	8
6751	7
2900	3
7631	8
25	0
4468	5
5127	5
7675	8
1201	1
4138	4
5140	5
5238	5
7885	9
1949	2
6980	8
2194	2
5565	6
1885	2
2583	3
1944	2
2342	2
2373	2
497	0
8139	9
3161	3
2628	3
8705	9
7242	8
7304	8
6974	8
5450	6
5435	6
1098	1
4018	4
219	0
905	0
5141	5
8100	9
154	0
2295	2
4351	4
7799	9
7481	8
3692	4
6855	8
7266	8
2348	2
6361	7
84	0
8087	9
8459	9
8067	9
4165	4
4719	5
5752	6
198	0
1430	2
4345	4
706	0
1890	2
3912	4
5380	5
8547	9
2227	2
7397	8
946	0
8617	9
7471	8
2179	2
1937	2
1984	2
3646	4
8344	9
2527	3
2553	3
788	0
7145	8
2041	2
3933	4
643	0
4657	5
3719	4
5874	7
289	0
7007	8
251	0
4886	5
4666	5
2363	2
6933	8
2116	2
6838	8
5088	5
7494	8
4924	5
4846	5
6006	7
6995	8
166	0
6917	8
5494	6
2385	2
269	0
2312	2
545	0
5458	6
39	0
4447	5
4640	5
1450	2
4823	5
5180	5
775	0
1963	2
1662	2
7601	8
5063	5
2017	2
416	0
1229	1
5358	5
333	0
3327	3
2374	2
2130	2
222	0
1306	1
2293	2
1029	1
7644	8
5391	5
2680	3
4962	5
8211	9
2326	2
5361	5
1349	1
1489	2
7099	8
32	0
6599	7
7062	8
1300	1
5212	5
5916	7
2090	2
4878	5
4301	4
1972	2
4297	4
7034	8
6768	7
6472	7
6988	8
325	0
3990	4
1086	1
6565	7
8230	9
4499	5
3786	4
1246	1
6079	7
2691	3
2352	2
1214	1
2304	2
7434	8
5621	6
8003	9
5943	7
764	0
4509	5
5010	5
3982	4
1812	2
243	0
1597	2
6427	7
910	0
4966	5
6823	8
8224	9
7267	8
7856	9
5639	6
2989	3
8392	9
2212	2
6887	8
1757	2
8468	9
7187	8
8453	9
4207	4
8580	9
2536	3
4675	5
7884	9
7988	9
8716	9
4980	5
4012	4
2019	2
7707	8
6377	7
7600	8
7084	8
966	0
5225	5
5284	5
1127	1
1781	2
1960	2
4512	5
3682	4
7910	9
5403	5
6956	8
5433	6
3094	3
5076	5
1813	2
4221	4
3083	3
7709	8
5142	5
323	0
6157	7
6161	7
4843	5
5064	5
137	0
637	0
4469	5
4457	5
5914	7
3795	4
1542	2
3974	4
1579	2
3669	4
7828	9
7760	9
3220	3
8240	9
7687	8
99	0
2700	3
2271	2
3481	4
3179	3
1918	2
3926	4
2539	3
4411	4
7251	8
8545	9
4162	4
4822	5
544	0
3299	3
6649	7
6153	7
4855	5
294	0
6910	8
6578	7
8270	9
5424	5
5229	5
3702	4
8229	9
6261	7
896	0
6739	7
7095	8
654	0
6080	7
4716	5
6669	7
374	0
2845	3
4206	4
2599	3
805	0
3291	3
6835	8
702	0
684	0
7324	8
7331	8
7366	8
747	0
2301	2
5963	7
4342	4
2134	2
4954	5
4413	4
4354	4
2284	2
8177	9
6734	7
4784	5
6096	7
7693	8
7730	8
4610	5
3823	4
2983	3
6074	7
8523	9
7502	8
731	0
3110	3
1261	1
6440	7
7352	8
2653	3
7921	9
7735	9
1039	1
5493	6
8543	9
1561	2
6099	7
652	0
1418	1
3322	3
3314	3
2776	3
7322	8
2101	2
2838	3
1672	2
5096	5
8108	9
6670	7
1842	2
2766	3
8652	9
8005	9
7413	8
4839	5
1015	1
6761	7
3379	3
7649	8
4759	5
2197	2
3348	3
5724	6
5019	5
6573	7
1476	2
1775	2
3361	3
692	0
3861	4
8662	9
6643	7
6497	7
3606	4
2380	2
1289	1
722	0
5203	5
4379	4
3252	3
2124	2
4244	4
1365	1
8689	9
1851	2
6311	7
1292	1
8520	9
2204	2
7701	8
2170	2
5649	6
7375	8
8456	9
4942	5
4421	4
3003	3
3208	3
4632	5
3148	3
8470	9
6171	7
7763	9
331	0
6044	7
4128	4
421	0
6593	7
8080	9
8411	9
3377	3
8335	9
3967	4
5304	5
3750	4
4827	5
2118	2
7388	8
5843	7
1218	1
2596	3
2603	3
6877	8
7586	8
4545	5
2260	2
1457	2
2305	2
833	0
2921	3
5832	7
4714	5
7635	8
3818	4
5440	6
6244	7
5867	7
1605	2
7282	8
2208	2
427	0
6532	7
4467	5
5654	6
6347	7
7777	9
3131	3
2340	2
3814	4
4506	5
5657	6
7851	9
8336	9
6752	7
4452	5
5778	6
7562	8
5762	6
1907	2
6156	7
7674	8
7488	8
8606	9
5471	6
5873	7
8295	9
8331	9
7611	8
1210	1
3317	3
3555	4
4797	5
1947	2
7932	9
1906	2
216	0
4380	4
3848	4
1170	1
4205	4
1678	2
8509	9
197	0
4969	5
317	0
2162	2
4933	5
7683	8
163	0
5913	7
4460	5
7260	8
1094	1
3002	3
670	0
3605	4
7962	9
8526	9
884	0
6250	7
3046	3
4688	5
327	0
1388	1
4616	5
7167	8
605	0
3634	4
7965	9
4970	5
1488	2
3216	3
2279	2
6925	8
7951	9
69	0
7345	8
942	0
7196	8
8499	9
2405	2
3103	3
5404	5
8482	9
7074	8
6617	7
8165	9
1141	1
3343	3
6994	8
3340	3
5431	6
2980	3
5940	7
7727	8
4809	5
3033	3
524	0
8555	9
2432	3
7788	9
46	0
5926	7
7805	9
821	0
5704	6
1690	2
733	0
1638	2
1683	2
5297	5
6334	7
1100	1
6133	7
393	0
8491	9
4825	5
7000	8
7241	8
4407	4
978	0
3125	3
4738	5
5399	5
8447	9
7048	8
7308	8
4744	5
7440	8
214	0
8519	9
5049	5
7935	9
5423	5
6268	7
3937	4
5422	5
7023	8
5954	7
846	0
2064	2
7999	9
2052	2
7050	8
1361	1
228	0
6276	7
1667	2
8565	9
4107	4
1283	1
5828	7
4065	4
6211	7
1146	1
8113	9
402	0
1	0
5155	5
2481	3
2069	2
1420	1
1244	1
8378	9
4376	4
47	0
1581	2
8460	9
6529	7
1840	2
7037	8
6000	7
7443	8
1845	2
3742	4
3356	3
1981	2
5700	6
2217	2
5164	5
4240	4
5585	6
6710	7
7916	9
3246	3
3917	4
5430	6
5679	6
3675	4
5917	7
145	0
3051	3
4070	4
2797	3
8289	9
2675	3
6324	7
2839	3
6574	7
1585	2
4353	4
1693	2
5460	6
5894	7
8013	9
5175	5
5872	7
463	0
2780	3
7202	8
2549	3
4366	4
8163	9
8119	9
2053	2
2620	3
8564	9
530	0
3234	3
6545	7
4033	4
8154	9
630	0
5868	7
7623	8
938	0
3070	3
1061	1
5721	6
5884	7
7982	9
511	0
6571	7
6753	7
8044	9
5484	6
2677	3
4428	4
3409	3
2477	3
7467	8
4547	5
5199	5
3160	3
4813	5
4836	5
8256	9
7315	8
2094	2
4920	5
4609	5
6319	7
7314	8
2178	2
1526	2
2229	2
1858	2
7584	8
5334	5
7846	9
3526	4
4329	4
4859	5
396	0
3978	4
2332	2
3774	4
5697	6
1161	1
1546	2
6339	7
7218	8
2500	3
1155	1
1722	2
7963	9
1702	2
611	0
3846	4
1926	2
4868	5
7835	9
3333	3
174	0
5613	6
5897	7
4922	5
4323	4
8712	9
1514	2
5176	5
4007	4
1899	2
5732	6
454	0
5363	5
588	0
5368	5
3492	4
1158	1
5696	6
6864	8
2246	2
2009	2
71	0
3025	3
2562	3
6452	7
6198	7
5951	7
4101	4
5152	5
8542	9
7110	8
1274	1
2517	3
6981	8
5298	5
4715	5
935	0
4440	5
7416	8
1473	2
4957	5
5173	5
8345	9
3182	3
118	0
7223	8
2673	3
6038	7
2936	3
1957	2
7791	9
2741	3
889	0
5134	5
4020	4
8467	9
3882	4
6962	8
5156	5
6616	7
4005	4
5097	5
2967	3
1043	1
5009	5
3012	3
6090	7
4910	5
4909	5
7929	9
809	0
4038	4
80	0
8571	9
5569	6
5078	5
832	0
1105	1
7353	8
7092	8
7444	8
3748	4
3633	4
5245	5
7409	8
6264	7
2903	3
6849	8
1281	1
8326	9
2918	3
1096	1
4371	4
3755	4
485	0
5624	6
148	0
7372	8
4897	5
785	0
8022	9
3465	4
803	0
4852	5
7163	8
5013	5
2925	3
7391	8
2923	3
433	0
3722	4
7872	9
1790	2
2093	2
7356	8
3344	3
2737	3
3217	3
2847	3
1176	1
1752	2
7101	8
5968	7
4940	5
3491	4
5321	5
2344	2
7768	9
7090	8
6160	7
5170	5
3214	3
5864	7
8372	9
4583	5
3078	3
4094	4
6897	8
7319	8
6214	7
6996	8
4298	4
6413	7
2957	3
1523	2
4494	5
6350	7
7142	8
265	0
3850	4
2740	3
2616	3
207	0
4172	4
7880	9
4974	5
496	0
4233	4
1632	2
3819	4
953	0
6172	7
7096	8
7236	8
4445	5
7289	8
1772	2
1941	2
4142	4
2149	2
6829	8
4285	4
8131	9
1609	2
4607	5
4105	4
3250	3
3900	4
5346	5
8540	9
4949	5
3597	4
3913	4
8252	9
3399	3
2056	2
1499	2
8567	9
4041	4
578	0
8031	9
20	0
2964	3
5656	6
1644	2
767	0
970	0
5243	5
5890	7
728	0
7179	8
6076	7
2098	2
8277	9
4251	4
2542	3
1279	1
4085	4
6778	7
1024	1
4874	5
3998	4
302	0
7534	8
3041	3
3104	3
5607	6
1436	2
1064	1
3790	4
3763	4
1280	1
6081	7
4761	5
4333	4
6203	7
761	0
4869	5
5709	6
7747	9
3479	4
5754	6
6575	7
6057	7
2939	3
5367	5
2243	2
5224	5
4902	5
1955	2
1257	1
3184	3
3813	4
7708	8
6027	7
164	0
2137	2
2161	2
2656	3
7022	8
3460	4
6696	7
7237	8
6579	7
8438	9
4262	4
7565	8
7362	8
2867	3
1173	1
205	0
1049	1
2195	2
7040	8
3093	3
7098	8
5797	6
7400	8
5792	6
4422	4
4532	5
6453	7
4563	5
8339	9
3439	4
1483	2
7209	8
274	0
2343	2
8649	9
5994	7
1412	1
4775	5
1841	2
4277	4
3088	3
7478	8
527	0
3448	4
62	0
8568	9
3137	3
6419	7
883	0
7714	8
2722	3
8686	9
8081	9
2427	2
6190	7
4834	5
3473	4
5244	5
1873	2
4577	5
1414	1
1384	1
3029	3
8340	9
2236	2
2958	3
3136	3
8149	9
465	0
2587	3
4144	4
6524	7
7957	9
7310	8
2631	3
3269	3
4917	5
4548	5
4952	5
6764	7
8668	9
3026	3
1128	1
8516	9
2501	3
5325	5
1174	1
3414	3
8462	9
4068	4
3833	4
1839	2
3	0
3175	3
6238	7
1733	2
2809	3
8402	9
6651	7
2648	3
4463	5
8097	9
4049	4
5937	7
2270	2
6875	8
902	0
4461	5
8202	9
8083	9
4159	4
2556	3
6008	7
5920	7
2881	3
6991	8
6189	7
5870	7
6060	7
6067	7
8208	9
2248	2
4112	4
1571	2
41	0
7795	9
5476	6
1148	1
2554	3
1308	1
8600	9
1393	1
4496	5
7053	8
7381	8
3890	4
4324	4
872	0
8648	9
5510	6
2360	2
2463	3
5172	5
5340	5
1917	2
3628	4
7969	9
4664	5
7154	8
1628	2
4965	5
6976	8
7930	9
7551	8
297	0
3382	3
1434	2
4534	5
218	0
1109	1
7680	8
2762	3
3019	3
6232	7
6256	7
6747	7
2192	2
5734	6
3891	4
6784	7
436	0
7692	8
6590	7
5858	7
3264	3
1965	2
3038	3
7335	8
7016	8
2060	2
8167	9
4718	5
8598	9
262	0
6533	7
5453	6
3731	4
1940	2
7249	8
4299	4
120	0
2782	3
7866	9
1588	2
5037	5
7568	8
4873	5
5087	5
5787	6
3732	4
2812	3
7089	8
5050	5
8121	9
7015	8
8414	9
3116	3
4024	4
7936	9
2571	3
117	0
7002	8
7599	8
6066	7
3305	3
6460	7
741	0
6509	7
3772	4
7612	8
1629	2
7593	8
2121	2
7326	8
847	0
3737	4
7759	9
8457	9
1728	2
3052	3
152	0
1023	1
2011	2
5239	5
8296	9
6183	7
5978	7
7909	9
5988	7
8299	9
3177	3
2175	2
195	0
6830	8
4310	4
2475	3
138	0
4682	5
8533	9
3345	3
1717	2
8599	9
7245	8
6265	7
2541	3
4613	5
1800	2
5636	6
7689	8
2267	2
4149	4
8687	9
7230	8
3325	3
7656	8
8685	9
86	0
4160	4
4620	5
5594	6
2694	3
200	0
503	0
2276	2
955	0
583	0
7026	8
4951	5
2791	3
7606	8
7203	8
2409	2
7836	9
4604	5
2320	2
7775	9
5641	6
1631	2
8640	9
1824	2
4479	5
8576	9
5313	5
3455	4
5251	5
8180	9
2613	3
8348	9
7254	8
7719	8
4303	4
263	0
8703	9
7630	8
4538	5
5025	5
7900	9
3536	4
8086	9
2003	2
5376	5
6363	7
610	0
489	0
1742	2
7495	8
3941	4
2928	3
3552	4
4777	5
1046	1
2381	2
2398	2
8615	9
3653	4
3303	3
352	0
1958	2
1823	2
3671	4
8727	9
340	0
3294	3
3877	4
1304	1
2678	3
635	0
4313	4
132	0
6107	7
2251	2
7272	8
7574	8
7724	8
633	0
5098	5
449	0
5073	5
3309	3
8729	9
4016	4
1322	1
8473	9
5056	5
1719	2
3295	3
4671	5
6775	7
5599	6
2572	3
3610	4
7255	8
8554	9
5495	6
6056	7
2818	3
2826	3
3230	3
2494	3
6118	7
1233	1
5717	6
5715	6
2894	3
353	0
2280	2
6443	7
260	0
1460	2
1922	2
3661	4
5382	5
1903	2
1312	1
4123	4
5846	7
8702	9
4768	5
1925	2
2954	3
8072	9
3287	3
3172	3
36	0
2259	2
1714	2
979	0
1269	1
6014	7
355	0
141	0
897	0
6204	7
7033	8
7996	9
7875	9
7468	8
1345	1
854	0
5186	5
2451	3
4553	5
4705	5
2520	3
1881	2
719	0
1072	1
4892	5
6842	8
6526	7
7010	8
7607	8
6798	7
1373	1
5949	7
2649	3
3360	3
4645	5
1227	1
6406	7
6486	7
3453	4
4842	5
147	0
4317	4
7283	8
2474	3
8250	9
4841	5
4222	4
867	0
2036	2
5861	7
4276	4
2729	3
8303	9
5345	5
6062	7
2336	2
1260	1
5292	5
6602	7
4040	4
2448	3
1309	1
3427	3
5664	6
1293	1
3857	4
52	0
6824	8
8634	9
3296	3
1356	1
3950	4
7774	9
1577	2
7224	8
1902	2
4643	5
4189	4
8425	9
7430	8
4464	5
3405	3
7500	8
1069	1
4178	4
6071	7
6821	8
853	0
3769	4
7977	9
7706	8
4865	5
609	0
843	0
680	0
5147	5
5655	6
2550	3
7166	8
4850	5
623	0
4565	5
1921	2
6458	7
4721	5
6178	7
4593	5
2146	2
4866	5
1792	2
3060	3
3079	3
8104	9
407	0
4929	5
7899	9
5113	5
4923	5
258	0
6061	7
6490	7
2418	2
2273	2
4115	4
5964	7
5702	6
1894	2
8530	9
5300	5
1383	1
1712	2
3789	4
5560	6
2247	2
5233	5
2310	2
792	0
6359	7
3342	3
921	0
7422	8
8577	9
8719	9
6315	7
7816	9
1372	1
6769	7
1409	1
268	0
349	0
6880	8
3248	3
3687	4
2767	3
2953	3
1617	2
318	0
8023	9
1999	2
6689	7
8590	9
196	0
7070	8
2624	3
7365	8
8169	9
6909	8
554	0
2354	2
4785	5
3898	4
6246	7
3421	3
5086	5
5288	5
3261	3
6432	7
6020	7
8553	9
828	0
7686	8
7102	8
6888	8
87	0
3425	3
4453	5
2407	2
3531	4
1735	2
976	0
4083	4
6756	7
1160	1
2181	2
4220	4
8034	9
2864	3
6563	7
8217	9
1329	1
1419	1
2634	3
4931	5
193	0
3584	4
1991	2
283	0
3767	4
1340	1
1431	2
632	0
1637	2
158	0
5570	6
8355	9
3167	3
7477	8
2337	2
2837	3
6078	7
3386	3
5534	6
3394	3
8701	9
2433	3
6174	7
7147	8
7295	8
104	0
4364	4
6765	7
5666	6
4531	5
2930	3
2748	3
4700	5
5551	6
277	0
6284	7
1973	2
8095	9
8608	9
3539	4
1853	2
1761	2
5210	5
6011	7
1562	2
7216	8
1469	2
1114	1
3796	4
4247	4
8085	9
3532	4
3490	4
307	0
6378	7
763	0
5795	6
3139	3
1415	1
3734	4
2610	3
4930	5
4406	4
2169	2
7802	9
6094	7
4249	4
5568	6
3519	4
5276	5
499	0
495	0
5058	5
5663	6
3486	4
2595	3
2976	3
5799	6
8038	9
4013	4
1649	2
5158	5
5072	5
4656	5
5328	5
7604	8
7583	8
7685	8
7183	8
3591	4
619	0
2668	3
1047	1
7276	8
3517	4
2356	2
7633	8
4914	5
5883	7
3319	3
3133	3
7238	8
6146	7
1157	1
2679	3
4399	4
2410	2
4749	5
7676	8
7119	8
182	0
4216	4
3237	3
4818	5
1975	2
5254	5
3030	3
8341	9
3929	4
6281	7
4387	4
4737	5
2676	3
125	0
5375	5
5813	7
4711	5
4876	5
3199	3
4048	4
6218	7
1818	2
8451	9
6192	7
1691	2
6721	7
1522	2
1583	2
8581	9
8314	9
8646	9
5080	5
8093	9
7127	8
7085	8
3684	4
5174	5
3422	3
4253	4
4267	4
3202	3
556	0
6182	7
75	0
5735	6
7979	9
8120	9
2946	3
956	0
1332	1
410	0
2771	3
1387	1
5743	6
5490	6
6512	7
5026	5
1793	2
6777	7
2499	3
2775	3
8437	9
5825	7
1311	1
7796	9
6539	7
7819	9
3015	3
6839	8
8362	9
1108	1
175	0
1216	1
1006	1
2272	2
1428	1
4845	5
48	0
2043	2
2929	3
4486	5
4774	5
4232	4
2792	3
2226	2
2955	3
1783	2
8630	9
6484	7
5181	5
6504	7
1601	2
7985	9
6893	8
8311	9
2947	3
5945	7
1467	2
5160	5
6614	7
6950	8
379	0
1798	2
2160	2
409	0
8397	9
2165	2
1235	1
7563	8
2277	2
124	0
3694	4
3691	4
866	0
5669	6
8246	9
553	0
8487	9
6296	7
7367	8
1454	2
6175	7
246	0
3538	4
6699	7
419	0
6935	8
2652	3
1677	2
2630	3
7726	8
3312	3
2487	3
892	0
7038	8
4039	4
8185	9
5626	6
4215	4
8082	9
3443	4
4052	4
5000	5
2824	3
7848	9
7617	8
5509	6
1276	1
4956	5
478	0
3884	4
6878	8
4696	5
4799	5
1190	1
6789	7
8658	9
3738	4
4103	4
4193	4
6222	7
1053	1
6781	7
5004	5
7814	9
6461	7
7273	8
711	0
361	0
264	0
7199	8
8443	9
1337	1
8723	9
2882	3
8413	9
5084	5
5425	5
3308	3
5211	5
8677	9
8276	9
7547	8
3155	3
8695	9
4425	4
778	0
3745	4
8506	9
7694	8
7776	9
6677	7
2584	3
8636	9
7800	9
5502	6
438	0
8307	9
1475	2
3204	3
7603	8
4171	4
4542	5
3442	4
7905	9
5218	5
3510	4
1350	1
6322	7
3970	4
5602	6
4786	5
8045	9
6253	7
7794	9
3626	4
640	0
5033	5
6531	7
659	0
950	0
3290	3
1986	2
273	0
7615	8
6055	7
4161	4
6165	7
736	0
1996	2
8481	9
4490	5
8563	9
2465	3
3751	4
286	0
229	0
3726	4
4281	4
5562	6
8001	9
971	0
757	0
3372	3
8216	9
5042	5
7349	8
780	0
6127	7
6336	7
6785	7
6703	7
414	0
885	0
5525	6
2115	2
3617	4
4912	5
3715	4
3663	4
1040	1
4045	4
6206	7
906	0
5906	7
597	0
5413	5
6362	7
7399	8
6114	7
8181	9
7764	9
6104	7
2739	3
6382	7
6451	7
330	0
2924	3
3005	3
8436	9
8595	9
8020	9
7743	9
4168	4
5933	7
4217	4
2164	2
6540	7
4475	5
7690	8
1369	1
8489	9
2745	3
8566	9
5083	5
6997	8
2891	3
6498	7
8552	9
3581	4
7253	8
8173	9
705	0
6918	8
2664	3
8007	9
6207	7
5713	6
3971	4
730	0
5053	5
6773	7
179	0
8722	9
2822	3
888	0
1721	2
8166	9
2622	3
5426	5
1296	1
472	0
4637	5
7160	8
450	0
1193	1
2661	3
5038	5
5267	5
2720	3
4877	5
8551	9
6779	7
5814	7
1234	1
3841	4
3449	4
1124	1
26	0
1247	1
3981	4
6297	7
6371	7
4429	5
162	0
6564	7
2042	2
7780	9
8036	9
8360	9
7385	8
6847	8
6291	7
6932	8
8691	9
213	0
732	0
3196	3
7514	8
4121	4
3608	4
1323	1
3432	4
4893	5
4571	5
7078	8
689	0
3321	3
8597	9
965	0
5878	7
5598	6
5969	7
5355	5
299	0
6115	7
2586	3
6395	7
8477	9
4147	4
7290	8
6501	7
6958	8
362	0
1147	1
3049	3
4405	4
5637	6
8637	9
589	0
8390	9
58	0
2978	3
5464	6
2399	2
3224	3
4971	5
2027	2
8129	9
6317	7
8310	9
7293	8
8422	9
5693	6
5250	5
4864	5
4541	5
3910	4
4678	5
6042	7
954	0
3140	3
3535	4
4773	5
7808	9
4224	4
3265	3
3558	4
6239	7
5730	6
2205	2
6176	7
1838	2
8518	9
1333	1
4992	5
1496	2
7842	9
6015	7
6109	7
4521	5
7043	8
6547	7
6828	8
3963	4
6552	7
5111	5
7150	8
7887	9
350	0
6380	7
6941	8
1572	2
2234	2
6143	7
455	0
3959	4
248	0
3984	4
6911	8
6711	7
8012	9
2080	2
5631	6
1589	2
5312	5
1855	2
7811	9
2857	3
3013	3
3389	3
6469	7
5310	5
1679	2
1226	1
4431	5
6024	7
7287	8
1255	1
7566	8
5506	6
8278	9
5112	5
723	0
6266	7
4308	4
8659	9
2849	3
8693	9
5198	5
2002	2
8534	9
8647	9
563	0
2568	3
3286	3
2509	3
7803	9
8174	9
6070	7
7749	9
3380	3
797	0
4882	5
2547	3
1630	2
5780	6
6299	7
1814	2
8364	9
3676	4
5309	5
7920	9
491	0
4106	4
1639	2
2286	2
1224	1
712	0
3965	4
1795	2
2618	3
7087	8
4935	5
887	0
7881	9
6672	7
1012	1
7136	8
3568	4
4077	4
3930	4
2185	2
6424	7
4692	5
3707	4
4252	4
6338	7
4885	5
6106	7
2597	3
5281	5
7428	8
776	0
4988	5
6687	7
3233	3
734	0
8696	9
4560	5
6704	7
8183	9
4426	4
4630	5
7891	9
5668	6
3444	4
1206	1
2938	3
5047	5
377	0
7944	9
59	0
7232	8
1200	1
5114	5
755	0
4684	5
5753	6
5417	5
961	0
8667	9
7639	8
7484	8
5265	5
4789	5
6139	7
5230	5
7321	8
1570	2
8475	9
8583	9
6205	7
2808	3
3804	4
3938	4
346	0
8029	9
459	0
1741	2
4484	5
8101	9
3587	4
4141	4
7870	9
5566	6
5182	5
44	0
7485	8
7220	8
8107	9
7546	8
6333	7
8281	9
546	0
593	0
7952	9
3429	4
3164	3
2322	2
5069	5
607	0
791	0
2708	3
8524	9
3245	3
504	0
8521	9
475	0
3897	4
6900	8
8505	9
3920	4
2316	2
617	0
6085	7
5296	5
7080	8
1901	2
1976	2
8002	9
3693	4
4766	5
7403	8
4133	4
4735	5
1189	1
110	0
91	0
6652	7
2647	3
7377	8
1202	1
7067	8
3631	4
2369	2
6393	7
6331	7
6152	7
3549	4
5449	6
6340	7
3618	4
7655	8
3135	3
6328	7
4793	5
107	0
5826	7
6221	7
5956	7
144	0
7131	8
2658	3
773	0
958	0
6659	7
3384	3
2973	3
3723	4
2778	3
7801	9
3811	4
2835	3
8445	9
6227	7
5016	5
944	0
8386	9
3191	3
2498	3
8354	9
5974	7
1994	2
2728	3
2126	2
2000	2
8692	9
8115	9
2493	3
2588	3
94	0
7869	9
4186	4
7455	8
1439	2
3716	4
628	0
1177	1
5024	5
65	0
3777	4
5632	6
33	0
2401	2
5590	6
4459	5
3781	4
5731	6
2538	3
315	0
5270	5
8122	9
7214	8
5576	6
3980	4
2497	3
1908	2
4164	4
5302	5
2752	3
3032	3
4634	5
2507	3
8282	9
8130	9
7277	8
6476	7
3677	4
808	0
4423	4
541	0
2395	2
2383	2
6423	7
5477	6
7939	9
1695	2
7926	9
1351	1
5330	5
5252	5
4576	5
3076	3
760	0
8125	9
7729	8
4871	5
452	0
8680	9
1011	1
4919	5
7108	8
8469	9
8006	9
8645	9
1512	2
2646	3
7545	8
3765	4
3985	4
8317	9
7789	9
2565	3
2828	3
5779	6
2724	3
8626	9
1042	1
7997	9
5396	5
1500	2
8111	9
8247	9
6405	7
3323	3
5965	7
4086	4
3499	4
398	0
3553	4
1877	2
2743	3
2290	2
7177	8
4899	5
8424	9
3888	4
2800	3
2531	3
2855	3
5907	7
5318	5
8697	9
699	0
4318	4
8251	9
1030	1
6645	7
5675	6
6615	7
7908	9
3706	4
8513	9
1139	1
1423	1
5584	6
5439	6
2607	3
4787	5
76	0
7933	9
6507	7
8684	9
375	0
5018	5
644	0
6678	7
5736	6
8037	9
2642	3
1068	1
4801	5
7172	8
4127	4
2913	3
6834	8
6433	7
5960	7
5227	5
3650	4
891	0
1598	2
4196	4
1613	2
800	0
5739	6
2035	2
5990	7
6626	7
3760	4
5581	6
5496	6
2769	3
7928	9
8527	9
4815	5
6310	7
2089	2
7602	8
3979	4
4028	4
7093	8
1635	2
5885	7
5563	6
1895	2
5301	5
5277	5
7139	8
1808	2
2564	3
551	0
2423	2
7076	8
737	0
4156	4
6701	7
8714	9
6748	7
6376	7
4991	5
2935	3
4191	4
2851	3
3446	4
7194	8
6022	7
3825	4
8048	9
7993	9
7343	8
2397	2
4994	5
4683	5
8098	9
7792	9
7146	8
6636	7
1273	1
566	0
7058	8
6351	7
6083	7
5105	5
7441	8
5827	7
1263	1
5708	6
5133	5
2345	2
8232	9
4937	5
5557	6
5772	6
817	0
4203	4
973	0
6556	7
4344	4
2091	2
1854	2
3570	4
8219	9
647	0
1731	2
1264	1
8721	9
428	0
4117	4
739	0
6998	8
5759	6
1716	2
6543	7
3966	4
642	0
351	0
8198	9
6631	7
3919	4
1411	1
6402	7
2945	3
7344	8
5123	5
1465	2
1485	2
7741	9
2858	3
7511	8
8267	9
3725	4
3121	3
5837	7
6568	7
926	0
1998	2
1237	1
6866	8
7178	8
6305	7
6548	7
13	0
8421	9
1826	2
4611	5
7756	9
7943	9
6604	7
6938	8
6123	7
8725	9
266	0
226	0
7528	8
7643	8
1893	2
4995	5
4601	5
5169	5
7552	8
990	0
7721	8
7116	8
3018	3
189	0
1449	2
5881	7
1126	1
7890	9
606	0
3964	4
4704	5
7970	9
1217	1
2784	3
6285	7
2909	3
3835	4
1560	2
2551	3
4875	5
7590	8
3169	3
8512	9
7942	9
7573	8
8578	9
4618	5
1751	2
4170	4
3852	4
4605	5
2735	3
646	0
834	0
6762	7
404	0
6697	7
2066	2
6180	7
6224	7
8018	9
2371	2
4741	5
3768	4
8529	9
7213	8
319	0
7671	8
777	0
2367	2
6827	8
5975	7
3686	4
7798	9
3496	4
8116	9
8609	9
5660	6
6964	8
3424	3
5136	5
8624	9
7783	9
7162	8
7678	8
6345	7
535	0
5348	5
78	0
8455	9
2952	3
8726	9
5055	5
2084	2
7025	8
321	0
5406	5
8699	9
662	0
5171	5
4533	5
2458	3
7610	8
981	0
8560	9
4530	5
1111	1
1038	1
1934	2
1904	2
2521	3
3190	3
4981	5
517	0
1065	1
928	0
7027	8
6475	7
7621	8
4783	5
2593	3
762	0
6848	8
5428	5
1095	1
603	0
5794	6
8009	9
3270	3
1764	2
759	0
5763	6
5286	5
2530	3
7020	8
5392	5
3163	3
5034	5
1703	2
415	0
4798	5
7415	8
4309	4
1611	2
3470	4
8612	9
2309	2
827	0
3733	4
6275	7
613	0
6937	8
7279	8
1765	2
6329	7
4755	5
5206	5
7554	8
2747	3
4190	4
448	0
3949	4
425	0
98	0
3899	4
1564	2
1163	1
2104	2
6610	7
5075	5
1319	1
7651	8
5558	6
7883	9
6126	7
3014	3
8389	9
2937	3
2869	3
6731	7
1623	2
1196	1
1674	2
5765	6
3593	4
5620	6
7873	9
918	0
1059	1
5725	6
3310	3
7895	9
5107	5
5947	7
2667	3
2994	3
4201	4
6832	8
738	0
6441	7
787	0
8584	9
6511	7
6177	7
7558	8
1355	1
1569	2
742	0
3560	4
5499	6
2127	2
8428	9
6963	8
1673	2
3027	3
2830	3
781	0
3467	4
6921	8
8707	9
2706	3
3288	3
68	0
7296	8
7897	9
8507	9
6989	8
206	0
8508	9
2529	3
2997	3
7934	9
7411	8
5946	7
445	0
2250	2
2931	3
8179	9
7810	9
3053	3
7453	8
5895	7
1451	2
4111	4
6249	7
3240	3
573	0
4667	5
5253	5
135	0
3095	3
3660	4
1277	1
64	0
6694	7
2878	3
6093	7
3657	4
6068	7
547	0
3607	4
4209	4
5973	7
6309	7
2347	2
4804	5
1946	2
3876	4
8498	9
1395	1
8603	9
4814	5
2214	2
3254	3
3936	4
5126	5
2230	2
5833	7
3353	3
6003	7
2490	3
7072	8
4772	5
1185	1
5634	6
4511	5
4151	4
7513	8
5882	7
8596	9
4002	4
7641	8
1606	2
3543	4
2950	3
7652	8
6634	7
3068	3
3622	4
6811	8
43	0
3957	4
442	0
752	0
1166	1
529	0
7627	8
5601	6
5089	5
575	0
6301	7
841	0
194	0
5012	5
3521	4
3798	4
7923	9
3799	4
7695	8
432	0
5030	5
8464	9
4173	4
8237	9
8043	9
1051	1
1403	1
4713	5
3600	4
3040	3
3874	4
743	0
5866	7
2942	3
1756	2
5393	5
1444	2
818	0
5564	6
3170	3
8461	9
1376	1
8090	9
7578	8
7373	8
2408	2
7898	9
5875	7
5751	6
7820	9
2902	3
1852	2
5987	7
1675	2
3260	3
4282	4
6209	7
7499	8
3649	4
7371	8
4792	5
1005	1
5044	5
6648	7
8110	9
5896	7
3185	3
2129	2
4090	4
4254	4
5508	6
8672	9
5748	6
285	0
2198	2
6744	7
4006	4
1062	1
486	0
1993	2
1846	2
1143	1
2759	3
6392	7
6304	7
2623	3
3471	4
4334	4
6306	7
2302	2
4599	5
6212	7
4245	4
1868	2
7699	8
5194	5
8374	9
8103	9
7008	8
3997	4
5294	5
1806	2
6164	7
4022	4
5095	5
6341	7
2088	2
7049	8
2168	2
2753	3
8532	9
3916	4
3589	4
5148	5
6047	7
3569	4
6470	7
5617	6
5306	5
7285	8
7197	8
3365	3
7653	8
8589	9
3274	3
5747	6
6117	7
314	0
6037	7
7134	8
8242	9
2503	3
7429	8
7852	9
8610	9
4092	4
6799	7
6987	8
5822	7
2031	2
1058	1
2211	2
4226	4
7206	8
8220	9
5953	7
7570	8
7844	9
5962	7
631	0
602	0
4594	5
3388	3
1931	2
710	0
6519	7
1732	2
7130	8
2719	3
859	0
8485	9
6726	7
5005	5
5319	5
3794	4
3822	4
4060	4
598	0
6732	7
7543	8
2486	3
326	0
6332	7
5189	5
3885	4
7937	9
523	0
3195	3
746	0
3918	4
397	0
2152	2
2545	3
5223	5
875	0
494	0
718	0
386	0
2540	3
2122	2
1441	2
8472	9
7786	9
1982	2
5854	7
6150	7
6121	7
7186	8
6313	7
8419	9
168	0
5415	5
1541	2
2180	2
2714	3
2598	3
8032	9
389	0
4071	4
1343	1
3227	3
2128	2
1397	1
5167	5
6045	7
7994	9
678	0
5571	6
4880	5
5291	5
320	0
1326	1
4575	5
446	0
4661	5
2355	2
5892	7
5261	5
1334	1
2982	3
5519	6
6671	7
6140	7
1426	1
6283	7
1399	1
6767	7
4505	5
2848	3
6479	7
7217	8
505	0
15	0
8549	9
7838	9
3595	4
7946	9
5389	5
638	0
4826	5
2905	3
6007	7
4260	4
6279	7
6984	8
3803	4
5139	5
460	0
2992	3
813	0
7588	8
3826	4
840	0
2897	3
5	0
3508	4
5646	6
4182	4
3832	4
520	0
2468	3
7698	8
5237	5
4913	5
1492	2
2278	2
6684	7
1830	2
53	0
1079	1
5054	5
5408	5
4167	4
7550	8
5959	7
1528	2
6745	7
6500	7
6425	7
403	0
6031	7
3000	3
102	0
2242	2
1442	2
4126	4
8329	9
4250	4
3346	3
4552	5
5541	6
1230	1
6979	8
3791	4
7841	9
2187	2
3130	3
440	0
4771	5
3647	4
7859	9
845	0
2447	3
3624	4
3047	3
3921	4
5995	7
3679	4
5100	5
4118	4
254	0
4710	5
4788	5
1446	2
5830	7
7503	8
4485	5
1706	2
5936	7
6836	8
2062	2
434	0
855	0
4166	4
2819	3
4635	5
3378	3
221	0
5923	7
2077	2
2535	3
5857	7
1565	2
1071	1
4800	5
426	0
6609	7
7781	9
2544	3
